1.812755891890926563e+01
1.926242520657274682e+01
2.061540229791371814e+01
2.132761697813339197e+01
2.121872621608066822e+01
1.943666378376066106e+01
1.655350907831089202e+01
1.569185600761545984e+01
1.558215495957879426e+01
1.571199781335989876e+01
1.568758911509790011e+01
2.030272334615158059e+01
2.095802841447847698e+01
2.442017573013300691e+01
1.937627632008159395e+01
1.701835772210913689e+01
1.802370284485270702e+01
1.687971553947886960e+01
1.727126222507118669e+01
1.743056971036312319e+01
1.768968943050276721e+01
1.684427998935181847e+01
1.757870921773219308e+01
1.716258692561631705e+01
1.727253986292521049e+01
1.773213682924954071e+01
1.805911867660697823e+01
2.076014893450717125e+01
2.080570394184274363e+01
2.110272496985574264e+01
1.974662508850427045e+01
1.776833258414435335e+01
1.652405810134187547e+01
1.585106485735491688e+01
1.657780548647859575e+01
1.731458211868001484e+01
1.762648568425269247e+01
1.833363684051268194e+01
2.088374319819608260e+01
1.746495067594486272e+01
1.650907845510960215e+01
1.666757565441760036e+01
1.676902211577500168e+01
1.675285434965045184e+01
1.703916868777970350e+01
1.686540505317272221e+01
1.745919521992649948e+01
1.868298042591959884e+01
1.932059273794676812e+01
2.040715299834155871e+01
2.078743459733840737e+01
2.280290916842937321e+01
2.223174628353912041e+01
2.013757847759038810e+01
1.728469868963539469e+01
1.602049939056622208e+01
1.647715565656331549e+01
1.648383216178002897e+01
1.825432147318520038e+01
2.081951824031528986e+01
2.100306598872777997e+01
1.719159785979888611e+01
1.850191815362619252e+01
1.756186470097066277e+01
1.902601015859644207e+01
2.198519812381247718e+01
1.993081774151902863e+01
1.791042530947727229e+01
1.926261336008697356e+01
2.046785608705084769e+01
1.866254576727748571e+01
1.897391218139111757e+01
1.773715786270389216e+01
1.737253418745617850e+01
1.735312680427574961e+01
1.672975971591684186e+01
1.624579654183584410e+01
1.594633859204005688e+01
1.533631085957276241e+01
1.499928694530662376e+01
1.481803651949899070e+01
1.484099914476551874e+01
1.468301178783293892e+01
1.542833738649117770e+01
1.563697817451349614e+01
1.578973509922483132e+01
1.666363956835196447e+01
1.657891926983083053e+01
1.677374575938060275e+01
1.610064628913031015e+01
1.605340091023789384e+01
1.653089697786906953e+01
1.730473732287627087e+01
1.781391948120321089e+01
1.747635688859813996e+01
1.706863637305030323e+01
1.710479875503051872e+01
1.697922279376697574e+01
1.625779605099532077e+01
1.581018341240875991e+01
1.545252150456458118e+01
1.528761334385391102e+01
1.506443901621673653e+01
1.476615400489152563e+01
1.475055222618953898e+01
1.457270985257922646e+01
1.482545351111068044e+01
1.504766429904417002e+01
1.612071829528578348e+01
1.634473780870138171e+01
1.635230805403281806e+01
1.542499154317196819e+01
1.635485573903001466e+01
1.841647102325189778e+01
1.694570520545655512e+01
1.657826677451771502e+01
1.648152724846432449e+01
1.758859803092115115e+01
1.761210539835758127e+01
1.781249159970063545e+01
1.682325809803447214e+01
2.082692764121612683e+01
2.044453687312864787e+01
2.079564215656125725e+01
1.854515611998412439e+01
1.798762544388315732e+01
1.669045482555334914e+01
1.607377183312200586e+01
1.568403387301179919e+01
1.517740851727279505e+01
1.509326786071603976e+01
1.546995325400134291e+01
1.552222725705895989e+01
1.607041386214086742e+01
1.679439435374068879e+01
1.756523785337350319e+01
1.880765505635757506e+01
1.681835694538526838e+01
1.593262292911999012e+01
1.621199521821848677e+01
1.637588369417832368e+01
1.816620677700856135e+01
2.031225709756475339e+01
1.819319199623127403e+01
1.931625604584024813e+01
1.990590526471257249e+01
1.910191747372660132e+01
1.853974966191058371e+01
1.807374932489442898e+01
1.727036848495646737e+01
1.655461980790335730e+01
1.658342134331902784e+01
1.593831464938035403e+01
1.572648886246942368e+01
1.570983249922212011e+01
1.520018298902509635e+01
1.505774126574735483e+01
1.571036965068116764e+01
1.585205723302211744e+01
1.633351974956233121e+01
1.698964723153509482e+01
1.560167463285351985e+01
1.593091131231047974e+01
1.702947561881581962e+01
1.836555204834811761e+01
1.790831614038664199e+01
1.862514671106869812e+01
1.903965602192754147e+01
1.827977716528166496e+01
1.786010722179053900e+01
1.827284270696176094e+01
1.755874950167101645e+01
1.673063221077889651e+01
1.664458572006743964e+01
1.599047636234367431e+01
1.557623259529887072e+01
1.492357537440154225e+01
1.475499361767950823e+01
1.486183894639960279e+01
1.490386754761258992e+01
1.527278695134138076e+01
1.518495145352059694e+01
1.549054116636320089e+01
1.634118103973539604e+01
1.718829450698500949e+01
1.763761117167022618e+01
1.708686929088027284e+01
1.692726136197980935e+01
1.844827546787291794e+01
1.861673127995883803e+01
2.167755538692639306e+01
2.031917942822272849e+01
1.928464887232418334e+01
1.880299061155889362e+01
1.745038982724637222e+01
1.718934302769935840e+01
1.727181455795193443e+01
1.669944383479662164e+01
1.614104066383359992e+01
1.559267955977928111e+01
1.519148835955938281e+01
1.513313873850209745e+01
1.494035768228495797e+01
1.628065244999851657e+01
1.744893009970908793e+01
2.012146537332167640e+01
2.093610523602413664e+01
1.963189240623120924e+01
1.935705861729527655e+01
1.934756735638744019e+01
1.941135074460189713e+01
2.032594091445010775e+01
2.093501117104468534e+01
1.976063665808177916e+01
1.895458066163061872e+01
1.886479683914980043e+01
1.847852307628406265e+01
1.864795001878451686e+01
1.878993045402313911e+01
1.829345945528713457e+01
1.795885880826196512e+01
1.709300105392708602e+01
1.610011520150222708e+01
1.553039838960744312e+01
1.542738750132930825e+01
1.534811462450715958e+01
1.522587691585197156e+01
1.637878190400022760e+01
1.686115940590783069e+01
1.679472969714369412e+01
1.698501009582004784e+01
1.717540278459069825e+01
1.806294552633808337e+01
1.924673390990901467e+01
1.898678265853276059e+01
1.663999713868868824e+01
1.680904624728080776e+01
1.705472191214539279e+01
1.712275853833559225e+01
2.035115078110531428e+01
2.228195967184240445e+01
2.148810499260676110e+01
2.081256253674271761e+01
2.048230617253492625e+01
1.915155728389646583e+01
1.910041525568398413e+01
1.772483819156311569e+01
1.646630936750163698e+01
1.551188321966184880e+01
1.516361546405291527e+01
1.540614862053422129e+01
1.609746735407266272e+01
1.744221110398704155e+01
1.823024205449524260e+01
1.897593636947108564e+01
1.973558458209739896e+01
1.836548983947000124e+01
1.936515083266406023e+01
1.913693422631986607e+01
1.946652749443249775e+01
2.063546824023823234e+01
2.055756404611173949e+01
1.937976023569884632e+01
1.908998170032512220e+01
1.884219686636990687e+01
1.881229978278346948e+01
1.885403553109878771e+01
1.781554459012217251e+01
1.679366145805656174e+01
1.634123718478254617e+01
1.532578625937227379e+01
1.478189538277144344e+01
1.448619448311779934e+01
1.434152523682416458e+01
1.459625211981013670e+01
1.561036926231923339e+01
1.576686958263089799e+01
1.663935528784619322e+01
1.652593815329283444e+01
1.775139095871022832e+01
1.678178942041308375e+01
1.671516396742387300e+01
1.875419446028756099e+01
1.718234483362145326e+01
1.698052014999377946e+01
1.817664185924730447e+01
2.074209657948058094e+01
2.119290028078671639e+01
2.126018276604012414e+01
2.067243331749153157e+01
2.139833028771667500e+01
2.141789245149673704e+01
1.897847192680635331e+01
1.812734952014237066e+01
1.728450294541031695e+01
1.712468561774296205e+01
1.715023235468105511e+01
1.663757993527868351e+01
1.563979140332473428e+01
1.576589086150551289e+01
1.657728198956136367e+01
1.760418615508132234e+01
1.781789046706332869e+01
1.801651649726057514e+01
1.844822084970565612e+01
1.879078323051241384e+01
1.967595885006597811e+01
1.937873601399693158e+01
2.014140079037041531e+01
1.928417392974325040e+01
1.843796785715017705e+01
1.884802818580820016e+01
1.801335274362462613e+01
1.830446506189952061e+01
1.781653543890948654e+01
1.797847559020928898e+01
1.801530106828466415e+01
1.663475152504574339e+01
1.582455458071313714e+01
1.558896347326258613e+01
1.533325180532026266e+01
1.532272720511977404e+01
1.523459885440131778e+01
1.520963175942760337e+01
1.550046487934664086e+01
1.573127925190421550e+01
1.658837410406430379e+01
1.670824469052566741e+01
1.616776792995312206e+01
1.616379389033323832e+01
1.645016437350963656e+01
1.810596650321827283e+01
1.803190281336470235e+01
1.805580773308225062e+01
1.804223773317107771e+01
1.833478853373059181e+01
1.757183696829040187e+01
1.719979630143099669e+01
1.687707528276015623e+01
1.683269321389516548e+01
1.706241810211293952e+01
1.633253496460597987e+01
1.562547485318762064e+01
1.543182130210842651e+01
1.537902380213357745e+01
1.522505903915718051e+01
1.522307581470266236e+01
1.636345932365409794e+01
1.824662528321765365e+01
2.108317951437727089e+01
2.301807172475735186e+01
2.065218227541256724e+01
2.162248333647923815e+01
2.154660333043270981e+01
1.806923206998452969e+01
2.024615819525254423e+01
2.032850984469997258e+01
2.218093353489867070e+01
2.134746593098016021e+01
2.015209836266343046e+01
2.001475506313985164e+01
1.893603818260139349e+01
1.806085001178927030e+01
1.739697019480180984e+01
1.672940312726117185e+01
1.678285006878936514e+01
1.619700039056451146e+01
1.534487954440236379e+01
1.520054564151173437e+01
1.494153062075553606e+01
1.510196249018175507e+01
1.583030244602064762e+01
1.639795257933013417e+01
1.755268906509304827e+01
2.017474841665950436e+01
1.856264401446803447e+01
1.849587896230089257e+01
1.853572859483428559e+01
2.056970921828010646e+01
2.157675836712233419e+01
2.159362412913653273e+01
2.194498583879244791e+01
2.180882913228126796e+01
2.039294114758789078e+01
1.985099859564709490e+01
2.074259883114514480e+01
1.881632844057062215e+01
1.804452140123412107e+01
1.700401992671935858e+01
1.625738938112346332e+01
1.586020712031793423e+01
1.539581976455880863e+01
1.501914196198435647e+01
1.497762320314678597e+01
1.514998325526362954e+01
1.580403646794024297e+01
1.665026984961695078e+01
1.797489303903955715e+01
1.867870594269118811e+01
1.968963202248070843e+01
1.866169451766809928e+01
1.810783743757849606e+01
1.812660296991642639e+01
1.822834228417150371e+01
1.953619075642154712e+01
1.922690620231491465e+01
1.964508910918512186e+01
1.921517376384936426e+01
1.828195007013029638e+01
1.826245164210823546e+01
1.772701109641174355e+01
1.680441670227660822e+01
1.643708297072121383e+01
1.625272493632478188e+01
1.585555633006107001e+01
1.524719772389795303e+01
1.500055092861883388e+01
1.518384072392813344e+01
1.494951359978979255e+01
1.522759459649244818e+01
1.587847799170215168e+01
1.596014682668163864e+01
1.583924290092762277e+01
1.594001867547901341e+01
1.627647660232258886e+01
1.832576615157272570e+01
1.958039832631412480e+01
1.918132994972667404e+01
2.114039563370953800e+01
2.009736619257035883e+01
1.933941441533185213e+01
1.921432098736009308e+01
1.848341816510230018e+01
1.858441092913143322e+01
1.705611184009371328e+01
1.691859404159772851e+01
1.654477954905069836e+01
1.635281636952834816e+01
1.572841594187679171e+01
1.503349341191595201e+01
1.461624673566579702e+01
1.444610055202303123e+01
1.456182866372306606e+01
1.486334722827318622e+01
1.559611492106023434e+01
1.656245559704883163e+01
1.670099308029565321e+01
1.650874311170659681e+01
1.683023504685971261e+01
1.713568516052438540e+01
1.727515887439125919e+01
1.712940014375782383e+01
1.722297591617526891e+01
1.745916791084286857e+01
1.673001766902003240e+01
1.679532299364989001e+01
1.656471801985921033e+01
1.645107783199713936e+01
1.619195811185749534e+01
1.594513681760596313e+01
1.568812626655694764e+01
1.531741938259871638e+01
1.509716451003611049e+01
1.500873571570913079e+01
1.478684661663682931e+01
1.473292473252769952e+01
1.460872504467066157e+01
1.518937159975790152e+01
1.539436003702152256e+01
1.609574967343218432e+01
1.601843271198092467e+01
1.651912204889818980e+01
1.663241323881543821e+01
1.679576456331622580e+01
1.696188056229195951e+01
1.726513805273522095e+01
1.730523198382998729e+01
1.700761006859993785e+01
1.678777399357112188e+01
1.674210669614125280e+01
1.713900975859092668e+01
1.679899658966125386e+01
1.658232426826837980e+01
1.721768933890687592e+01
1.679162208855489524e+01
1.657430032560867872e+01
1.636344566911228426e+01
1.563977774878291882e+01
1.547360560476004032e+01
1.524809905472352511e+01
1.530116209851241571e+01
1.496109278453559632e+01
1.525163305155695959e+01
1.537163564648540337e+01
1.625227123899651360e+01
1.706178384198129550e+01
1.754113112559991450e+01
1.792993285509006895e+01
1.844642577876536294e+01
1.815812821618159489e+01
1.788927293657273410e+01
1.730450515197683004e+01
1.702721319600544447e+01
1.668372217528948909e+01
1.641558613682293810e+01
1.671706980157857458e+01
1.636523314934172291e+01
1.631628374435064899e+01
1.623722026629539172e+01
1.599210299814252068e+01
1.579006891574795191e+01
1.526184961743807200e+01
1.479990677417258560e+01
1.462441786821427847e+01
1.495040733990451187e+01
1.563988244816636453e+01
1.830688985602037633e+01
1.977466340908099340e+01
1.995856774614915352e+01
1.838311279618076099e+01
1.988056949710983545e+01
1.761020868179361543e+01
1.822277803542714025e+01
1.815636198120481737e+01
1.866334392559949507e+01
1.743741465072128349e+01
1.824509728297129030e+01
1.818161433836535679e+01
1.748083924371355735e+01
1.758623849943818129e+01
1.733952190457009479e+01
1.650361737886879965e+01
1.645943105422888308e+01
1.608728568798603220e+01
1.564364708901935863e+01
1.503530972810890809e+01
1.496701514881551631e+01
1.484523872819944756e+01
1.514888011638201526e+01
1.541087680109089852e+01
1.613853241558196316e+01
1.694824076279182279e+01
1.719240814578282439e+01
1.755387565810544359e+01
1.781978417355610134e+01
1.813261637903798373e+01
1.802872540518693967e+01
1.856825834442858181e+01
1.902818306344506993e+01
1.918168653838234761e+01
1.855826330497629328e+01
1.801507042426510452e+01
1.773253438153066242e+01
2.152565882941517827e+01
1.960616357960984857e+01
1.837498415413761421e+01
1.755967513150902448e+01
1.650335488881452761e+01
1.641857844524624355e+01
1.605111876905473522e+01
1.552194958558298943e+01
1.530909045937940860e+01
1.544629415972505448e+01
1.578342277337464061e+01
1.770892536847055609e+01
1.802781347357932518e+01
1.947960588714972374e+01
1.925699754693511423e+01
1.920685548510067875e+01
1.783281248505714345e+01
1.811671721048724137e+01
2.171591344588778938e+01
2.292418032730967781e+01
1.989472214905658021e+01
2.085388254128401542e+01
2.488590144943295712e+01
2.355826776009415369e+01
2.303371446708478487e+01
2.348150313152363822e+01
2.391159602959157482e+01
2.185478020870665006e+01
1.856260305084258988e+01
1.855629678882336009e+01
1.787490176826835864e+01
1.643410283364841717e+01
1.617818176693919696e+01
1.613754309367453388e+01
1.693025973423408104e+01
1.781060247384752060e+01
1.895838325603786600e+01
1.975621197489339664e+01
2.095083905681515191e+01
2.033443678961955214e+01
1.915391685906801555e+01
1.947497481526564300e+01
1.984218260218492347e+01
1.982668552286638430e+01
1.887864909117659806e+01
1.855515268631630121e+01
1.882674533131646655e+01
1.908090622687987548e+01
1.816057425555511529e+01
1.969304160155791550e+01
1.940619617580058076e+01
2.013245579851236045e+01
1.702482029160787746e+01
1.599863536723022506e+01
1.564056225256311272e+01
1.538209197397681294e+01
1.564479424528619056e+01
1.573846106254526411e+01
1.663034049639917455e+01
1.647927394324468153e+01
1.804861078470807456e+01
1.822469298717258113e+01
1.747419916517121052e+01
1.876927426895220208e+01
2.134275445872506793e+01
2.299312282127652907e+01
2.205963358374342320e+01
2.211242349300741949e+01
2.362794921357609468e+01
2.191555763395598433e+01
2.064603685782393683e+01
2.065584980759296485e+01
2.067949071037635633e+01
1.995263779115838076e+01
2.077206804329563283e+01
1.947276701062253323e+01
1.855301468126215170e+01
1.744976315782557919e+01
1.678908199426854608e+01
1.659695797031560360e+01
1.633548478252395242e+01
1.594499268147695226e+01
1.626644971683558794e+01
1.642471627212402296e+01
1.614092990061918798e+01
1.615060931504125463e+01
1.598209735790818442e+01
1.625644861355232962e+01
1.711641890340176886e+01
1.826868204070753166e+01
1.887510597675242607e+01
2.027831163781838697e+01
2.053178819203396799e+01
1.841279289028945243e+01
2.011479187817615610e+01
2.058716221296953464e+01
2.052356091443833819e+01
2.017525825903492276e+01
1.838896383399183421e+01
1.736729769140396940e+01
1.716944704739617933e+01
1.788731095737088239e+01
1.879650985056725787e+01
1.746336653065134925e+01
1.690689802980654832e+01
1.637605972003061794e+01
1.649409274504636258e+01
1.682807885031266792e+01
1.699638140867884317e+01
1.901723059180863729e+01
2.624113804089026658e+01
2.074285076410594897e+01
2.005149259382194415e+01
2.075474862764174588e+01
1.967560077821899256e+01
2.322583242720676466e+01
2.362875648948883978e+01
2.441702414784756670e+01
2.092580669920355518e+01
2.107235447056825706e+01
2.115859064167382897e+01
1.990478999816903283e+01
1.967585415068252885e+01
1.937208681786384901e+01
1.811758058775856028e+01
1.819829953757617602e+01
1.743471218512445731e+01
1.710099162367219350e+01
1.735939210266952770e+01
1.685828396821847619e+01
1.709083726666919389e+01
1.853924893712590460e+01
2.069185740897355075e+01
2.181680151053348027e+01
2.999078175073536201e+01
3.100946775625043017e+01
2.610813439985583173e+01
2.352476535320543505e+01
2.355930716321776686e+01
2.525692849537249884e+01
2.538561812905580695e+01
2.486973215642851898e+01
2.332295585099945967e+01
2.216317861340941064e+01
2.045271258631678535e+01
1.778210744587133618e+01
1.762654335617972734e+01
1.697273444206448545e+01
1.644161693393269985e+01
1.626908238284344677e+01
1.603949709380360034e+01
1.586499297280164633e+01
1.575077314297519493e+01
1.576191228493454410e+01
1.611896571485082674e+01
1.697528365394156680e+01
1.777096830391198523e+01
1.793733619215993969e+01
1.814870069103175609e+01
1.769773614529502126e+01
1.857229611980647022e+01
1.786763803037641196e+01
1.710735403073856631e+01
1.766987084049940648e+01
1.784233559199969221e+01
1.855317399881286278e+01
